Cpptraj Generated trajectory                                                    
  37.831  41.265  39.620  38.627  41.404  38.475  39.315  40.297  37.964  39.209
  39.052  38.591  37.621  36.304  42.127  36.889  36.131  43.306  36.131  37.187
  43.825  36.133  38.434  43.184  36.942  39.865  41.394  38.369  37.688  40.348
  38.430  38.892  39.744  36.897  38.612  42.019  37.732  40.012  40.249  37.638
  37.543  41.469  40.078  40.431  36.827  36.939  34.934  43.989  37.293  42.124
  40.013  38.704  42.362  37.972  39.744  38.202  38.192  38.212  35.492  41.720
  35.563  37.051  44.741  35.559  39.260  43.600  36.389  40.705  41.797  40.534
  41.329  36.662  40.772  39.713  36.608  37.736  34.334  43.792  36.729  35.003
  44.993
